-2.200000000000000000e+02
-2.270000000000000000e+02
-2.270200000000000102e+02
-2.324699999999999989e+02
-2.399600000000000080e+02
-2.474499999999999886e+02
-2.510600000000000023e+02
-2.554300000000000068e+02
-2.570799999999999841e+02
-2.575899999999999750e+02
-2.510000000000000000e+02
-2.436099999999999852e+02
-2.400000000000000000e+02
-2.361100000000000136e+02
-2.371399999999999864e+02
-2.323000000000000114e+02
-2.355199999999999818e+02
-2.433299999999999841e+02
-2.538199999999999932e+02
-2.560000000000000000e+02
-2.600000000000000000e+02
-2.697399999999997817e+02
-2.795599999999999454e+02
-2.852699999999999818e+02
-2.902799999999998590e+02
-3.010000000000000000e+02
-3.054799999999999613e+02
-3.120000000000000000e+02
-3.247200000000000273e+02
-3.402100000000000364e+02
-3.432999999999999545e+02
-3.400000000000000000e+02
-3.363199999999999363e+02
-3.378299999999999272e+02
-3.356600000000000819e+02
-3.458499999999999091e+02
-3.536400000000001000e+02
-3.568699999999998909e+02
-3.517599999999998204e+02
-3.468899999999998727e+02
-3.403999999999998636e+02
-3.349099999999998545e+02
-3.314199999999998454e+02
-3.301400000000002706e+02
-3.381200000000002888e+02
-3.369499999999998181e+02
-3.300000000000000000e+02
-3.249099999999995703e+02
-3.164799999999998477e+02
-3.160100000000001614e+02
-3.144999999999994884e+02
-3.070000000000000000e+02
-3.010000000000000000e+02
-2.930899999999994066e+02
-2.825399999999997931e+02
-2.830499999999997840e+02
-2.754400000000002251e+02
-2.799300000000002342e+02
-2.881599999999995134e+02
-2.771799999999994952e+02
-2.701999999999994770e+02
-2.661099999999997294e+02
-2.644799999999988813e+02
-2.551299999999997112e+02
-2.506399999999997021e+02
-2.460000000000000000e+02
-2.466800000000006321e+02
-2.466600000000006503e+02
-2.510000000000000000e+02
-2.608100000000003433e+02
-2.660000000000000000e+02
-2.640000000000000000e+02
-2.621599999999988881e+02
-2.533799999999977217e+02
-2.532600000000003888e+02
-2.580000000000000000e+02
-2.560000000000000000e+02
-2.565399999999991678e+02
-2.455599999999991496e+02
-2.410000000000000000e+02
-2.387999999999995566e+02
-2.399299999999986426e+02
-2.336399999999990769e+02
-2.233299999999995293e+02
-2.231600000000004798e+02
-2.266500000000004889e+02
-2.360000000000000000e+02
-2.378900000000015211e+02
-2.431200000000005161e+02
-2.510000000000000000e+02
-2.447999999999989313e+02
-2.384099999999994566e+02
-2.400800000000005525e+02
-2.434299999999994384e+02
-2.398799999999989723e+02
-2.348999999999989541e+02
-2.350400000000005321e+02
-2.304699999999994589e+02
-2.260200000000005502e+02
-2.244899999999994407e+02
