-3.440000000000000000e+02
-3.465299999999999727e+02
-3.570000000000000000e+02
-3.594100000000000250e+02
-3.601200000000000045e+02
-3.740000000000000000e+02
-3.790000000000000000e+02
-3.840000000000000000e+02
-3.880000000000000000e+02
-3.877699999999999818e+02
-3.863000000000000114e+02
-3.881700000000000159e+02
-3.906399999999999864e+02
-3.952199999999999704e+02
-3.995799999999999841e+02
-4.050500000000000114e+02
-4.095199999999999818e+02
-4.169599999999999795e+02
-4.209199999999999591e+02
-4.211399999999999864e+02
-4.180000000000000000e+02
-4.200000000000000000e+02
-4.233399999999999750e+02
-4.286200000000000045e+02
-4.292799999999999727e+02
-4.250000000000000000e+02
-4.302199999999999704e+02
-4.336899999999999977e+02
-4.331599999999999682e+02
-4.386299999999999955e+02
-4.441000000000000227e+02
-4.460000000000000000e+02
-4.500799999999999841e+02
-4.550000000000000000e+02
-4.520199999999999818e+02
-4.480000000000000000e+02
-4.470800000000000409e+02
-4.430000000000000000e+02
-4.401399999999999864e+02
-4.376599999999999682e+02
-4.417999999999999545e+02
-4.440000000000000000e+02
-4.477400000000000091e+02
-4.526299999999999386e+02
-4.486400000000000432e+02
-4.421499999999999773e+02
-4.420000000000000000e+02
-4.449100000000000250e+02
-4.404400000000000546e+02
-4.410299999999999727e+02
-4.490000000000000000e+02
-4.470000000000000000e+02
-4.460000000000000000e+02
-4.518199999999999363e+02
-4.553799999999999955e+02
-4.541500000000000341e+02
-4.466800000000000637e+02
-4.450000000000000000e+02
-4.427799999999999727e+02
-4.442699999999999818e+02
-4.383999999999998636e+02
-4.313299999999999272e+02
-4.278599999999999000e+02
-4.240000000000000000e+02
-4.249199999999998454e+02
-4.220000000000000000e+02
-4.210000000000000000e+02
-4.185099999999997635e+02
-4.200000000000000000e+02
-4.161399999999994179e+02
-4.130000000000000000e+02
-4.140000000000000000e+02
-4.175200000000011187e+02
-4.193799999999991996e+02
-4.200000000000000000e+02
-4.160000000000000000e+02
-4.132799999999995180e+02
-4.086199999999989814e+02
-4.093399999999994634e+02
-4.078699999999994361e+02
-4.046000000000005912e+02
-4.040000000000000000e+02
-4.076200000000019372e+02
-4.039899999999993270e+02
-4.015199999999992997e+02
-4.029500000000007276e+02
-4.064200000000007549e+02
-4.066700000000023465e+02
-4.060000000000000000e+02
-4.038300000000008367e+02
-4.066999999999991360e+02
-4.002299999999991087e+02
-3.957599999999990814e+02
-3.915799999999981083e+02
-3.796399999999980537e+02
-3.733499999999989996e+02
-3.708799999999989723e+02
-3.624099999999989450e+02
-3.588799999999978354e+02
-3.509399999999977808e+02
