1.110000000000000000e+03
1.099529999999999973e+03
1.093299999999999955e+03
1.088589999999999918e+03
1.082119999999999891e+03
1.071650000000000091e+03
1.068180000000000064e+03
1.063710000000000036e+03
1.061480000000000018e+03
1.054769999999999982e+03
1.049000000000000000e+03
1.026829999999999927e+03
1.016360000000000014e+03
1.006779999999999973e+03
1.001419999999999959e+03
9.990000000000000000e+02
9.970000000000000000e+02
9.950000000000000000e+02
9.890800000000000409e+02
9.791399999999999864e+02
9.708000000000000682e+02
9.718700000000000045e+02
9.780000000000000000e+02
9.820000000000000000e+02
9.872799999999999727e+02
9.940000000000000000e+02
9.947799999999999727e+02
9.903100000000000591e+02
9.991599999999999682e+02
9.953700000000000045e+02
9.951000000000000227e+02
9.997100000000000364e+02
1.005079999999999927e+03
1.010509999999999991e+03
1.010000000000000000e+03
1.010200000000000045e+03
1.003080000000000041e+03
1.003169999999999959e+03
1.006139999999999986e+03
1.015000000000000000e+03
1.012200000000000045e+03
1.013539999999999964e+03
1.019740000000000009e+03
1.024000000000000000e+03
1.026000000000000000e+03
1.037150000000000091e+03
1.044619999999999891e+03
1.053000000000000000e+03
1.060559999999999945e+03
1.072029999999999973e+03
1.072500000000000000e+03
1.081849999999999909e+03
1.087639999999999873e+03
1.096819999999999936e+03
1.099379999999999882e+03
1.099000000000000000e+03
1.106319999999999936e+03
1.108420000000000073e+03
1.099000000000000000e+03
1.094000000000000000e+03
1.088000000000000000e+03
1.091670000000000073e+03
1.096140000000000100e+03
1.100220000000000255e+03
1.104000000000000000e+03
1.109100000000000364e+03
1.112919999999999163e+03
1.106509999999999764e+03
1.101159999999998945e+03
1.097000000000000000e+03
1.101800000000000637e+03
1.107740000000000691e+03
1.117520000000001119e+03
1.124620000000000800e+03
1.130560000000000855e+03
1.136749999999999545e+03
1.123279999999999518e+03
1.125380000000001019e+03
1.130660000000000537e+03
1.129869999999999436e+03
1.129000000000000000e+03
1.120929999999999382e+03
1.116000000000000000e+03
1.109010000000000673e+03
1.114480000000000700e+03
1.110049999999999272e+03
1.103579999999999245e+03
1.099000000000000000e+03
1.094279999999998381e+03
1.087169999999999163e+03
1.081699999999999136e+03
1.083770000000000891e+03
1.086000000000000000e+03
1.089000000000000000e+03
1.087000000000000000e+03
1.094650000000001000e+03
1.101879999999998972e+03
1.102590000000001055e+03
1.106120000000002165e+03
1.108000000000000000e+03
