-7.770000000000000000e+02
-7.872599999999999909e+02
-7.902599999999999909e+02
-7.988899999999999864e+02
-8.034800000000000182e+02
-8.010000000000000000e+02
-8.093400000000000318e+02
-8.120000000000000000e+02
-8.250399999999999636e+02
-8.316699999999999591e+02
-8.302999999999999545e+02
-8.302799999999999727e+02
-8.361200000000000045e+02
-8.400000000000000000e+02
-8.390000000000000000e+02
-8.443500000000000227e+02
-8.502400000000000091e+02
-8.577100000000000364e+02
-8.630000000000000000e+02
-8.679099999999999682e+02
-8.741999999999999318e+02
-8.792300000000000182e+02
-8.827199999999999136e+02
-8.894900000000000091e+02
-8.957599999999999909e+02
-8.882500000000000000e+02
-8.857599999999999909e+02
-8.890000000000000000e+02
-8.812799999999999727e+02
-8.810000000000000000e+02
-8.760000000000000000e+02
-8.720599999999999454e+02
-8.881599999999999682e+02
-8.987899999999999636e+02
-9.025800000000000409e+02
-9.061499999999997499e+02
-9.130399999999997362e+02
-9.210000000000000000e+02
-9.240000000000000000e+02
-9.275699999999999363e+02
-9.325999999999996817e+02
-9.380000000000000000e+02
-9.399199999999998454e+02
-9.480000000000000000e+02
-9.510000000000000000e+02
-9.466500000000000909e+02
-9.549399999999997135e+02
-9.616099999999999000e+02
-9.640000000000000000e+02
-9.631300000000001091e+02
-9.640000000000000000e+02
-9.680000000000000000e+02
-9.725199999999997544e+02
-9.813899999999998727e+02
-9.800599999999996044e+02
-9.918999999999991815e+02
-9.867200000000001410e+02
-9.889099999999998545e+02
-9.874600000000001501e+02
-9.768300000000001546e+02
-9.720000000000000000e+02
-9.667100000000004911e+02
-9.599400000000001683e+02
-9.563100000000001728e+02
-9.543199999999998226e+02
-9.531000000000003638e+02
-9.460000000000000000e+02
-9.297400000000011460e+02
-9.180000000000000000e+02
-9.090600000000004002e+02
-8.988000000000004093e+02
-9.010000000000000000e+02
-8.876400000000002137e+02
-8.870200000000004366e+02
-8.743800000000002228e+02
-8.752499999999997726e+02
-8.800000000000000000e+02
-8.854900000000002365e+02
-8.818600000000002410e+02
-8.770000000000000000e+02
-8.692000000000005002e+02
-8.649700000000002547e+02
-8.610000000000000000e+02
-8.570000000000000000e+02
-8.500800000000002683e+02
-8.363500000000008185e+02
-8.290000000000000000e+02
-8.225700000000008458e+02
-8.110000000000000000e+02
-8.100000000000000000e+02
-8.093000000000002956e+02
-8.030000000000000000e+02
-7.920800000000006094e+02
-7.840000000000000000e+02
-7.810000000000000000e+02
-7.801500000000003183e+02
-7.784799999999996771e+02
-7.811099999999996726e+02
-7.820000000000000000e+02
-7.776300000000003365e+02
