1.970000000000000000e+02
1.900200000000000102e+02
1.840000000000000000e+02
1.805300000000000011e+02
1.850000000000000000e+02
1.875500000000000114e+02
1.810600000000000023e+02
1.760000000000000000e+02
1.690799999999999841e+02
1.625899999999999750e+02
1.590999999999999943e+02
1.553900000000000148e+02
1.657600000000000193e+02
1.590000000000000000e+02
1.481399999999999864e+02
1.443000000000000114e+02
1.370000000000000000e+02
1.360000000000000000e+02
1.321800000000000068e+02
1.372399999999998954e+02
1.437999999999999545e+02
1.480000000000000000e+02
1.410000000000000000e+02
1.422699999999999534e+02
1.522799999999998875e+02
1.535000000000000568e+02
1.540000000000000000e+02
1.622299999999999898e+02
1.622800000000000011e+02
1.617899999999999920e+02
1.600000000000000000e+02
1.721900000000000261e+02
1.766800000000000352e+02
1.850000000000000000e+02
1.936600000000000534e+02
1.971500000000000625e+02
1.996400000000000716e+02
2.061300000000000807e+02
2.110000000000000000e+02
2.150000000000000000e+02
2.196000000000001080e+02
2.260000000000000000e+02
2.330000000000000000e+02
2.420000000000000000e+02
2.501200000000002888e+02
2.530500000000001535e+02
2.581600000000006503e+02
2.610000000000000000e+02
2.615200000000001523e+02
2.780100000000001614e+02
2.774999999999994884e+02
2.809500000000008981e+02
2.790799999999992451e+02
2.780000000000000000e+02
2.770000000000000000e+02
2.650499999999997840e+02
2.655599999999997749e+02
2.639300000000002342e+02
2.521599999999995134e+02
2.540000000000000000e+02
2.568000000000005230e+02
2.618900000000002706e+02
2.690000000000000000e+02
2.730000000000000000e+02
2.763600000000002979e+02
2.781499999999996930e+02
2.763199999999993679e+02
2.683399999999993497e+02
2.633200000000003342e+02
2.651899999999996567e+02
2.653999999999992951e+02
2.602099999999996385e+02
2.510000000000000000e+02
2.570000000000000000e+02
2.547399999999996112e+02
2.472499999999996021e+02
2.425199999999991860e+02
2.325399999999991678e+02
2.264400000000008504e+02
2.324200000000008686e+02
2.382000000000004434e+02
2.520000000000000000e+02
2.560000000000000000e+02
2.546700000000004707e+02
2.518399999999995202e+02
2.473499999999995111e+02
2.395799999999985062e+02
2.290000000000000000e+02
2.238799999999994839e+02
2.143399999999968486e+02
2.122000000000010687e+02
2.164099999999994566e+02
2.100000000000000000e+02
2.054299999999994384e+02
2.000000000000000000e+02
1.980000000000000000e+02
2.050400000000005321e+02
2.110000000000000000e+02
2.040000000000000000e+02
1.995100000000005593e+02
