4.510000000000000000e+02
4.490000000000000000e+02
4.402599999999999909e+02
4.448899999999999864e+02
4.470000000000000000e+02
4.523000000000000114e+02
4.530000000000000000e+02
4.415899999999999750e+02
4.400000000000000000e+02
4.466700000000000159e+02
4.603000000000000114e+02
4.630000000000000000e+02
4.690000000000000000e+02
4.616200000000000045e+02
4.545399999999999636e+02
4.580000000000000000e+02
4.490000000000000000e+02
4.537099999999999795e+02
4.573399999999999750e+02
4.649099999999999682e+02
4.610000000000000000e+02
4.740000000000000000e+02
4.850000000000000000e+02
4.850000000000000000e+02
4.910000000000000000e+02
4.947500000000000000e+02
5.037599999999999341e+02
5.120199999999999818e+02
5.222799999999999727e+02
5.285399999999999636e+02
5.338999999999999773e+02
5.400599999999999454e+02
5.388400000000000318e+02
5.402100000000000364e+02
5.335800000000000409e+02
5.268500000000002501e+02
5.190000000000000000e+02
5.080700000000002774e+02
5.020600000000000591e+02
4.974300000000000637e+02
4.890000000000000000e+02
4.924899999999996680e+02
5.050000000000000000e+02
5.019100000000000819e+02
4.962800000000000864e+02
4.866500000000000909e+02
4.770600000000002865e+02
4.776099999999999000e+02
4.854399999999993724e+02
4.988699999999998909e+02
5.104999999999996589e+02
5.211299999999998818e+02
5.285199999999997544e+02
5.346100000000001273e+02
5.390599999999996044e+02
5.478999999999991815e+02
5.522799999999998590e+02
5.579099999999998545e+02
5.584600000000001501e+02
5.611699999999998454e+02
5.705999999999988859e+02
5.710000000000000000e+02
5.800599999999998317e+02
5.876899999999998272e+02
5.983199999999998226e+02
6.050000000000000000e+02
5.998400000000003729e+02
5.930000000000000000e+02
5.853200000000003911e+02
5.800600000000004002e+02
5.810000000000000000e+02
5.775400000000004184e+02
5.760000000000000000e+02
5.690200000000004366e+02
5.696199999999997772e+02
5.647500000000002274e+02
5.602400000000004638e+02
5.514900000000002365e+02
5.470000000000000000e+02
5.432300000000002456e+02
5.390000000000000000e+02
5.430299999999997453e+02
5.516399999999989632e+02
5.582899999999997362e+02
5.629199999999997317e+02
5.580000000000000000e+02
5.637199999999988904e+02
5.680000000000000000e+02
5.716800000000008595e+02
5.599300000000002910e+02
5.513000000000002956e+02
5.556599999999993997e+02
5.600000000000000000e+02
5.468200000000006185e+02
5.323400000000009413e+02
5.231500000000003183e+02
5.035200000000003229e+02
4.908900000000003274e+02
4.782600000000003320e+02
4.616300000000003365e+02
