-2338.531470 2034.475293
-4900.232008 5857.865710
-1981.217847 -242.368551
-3664.763432 6675.670262
-3629.814320 2432.719606
-6364.171289 3435.421249
-3673.592418 5307.605035
-7192.806336 3587.025102
-9435.548558 3125.016171
-14524.983470 9335.739660
-3048.761151 5335.525471
73.828432 16133.575400
-6738.998719 14105.011573
-3727.891558 1521.920272
-19608.773045 3757.751172
-14773.555593 11145.926798
-1158.827764 24908.386616
-24921.285683 35742.929819
-11466.967897 17753.749015
-18726.759110 23909.380561
-13868.139063 10773.388877
-53704.583926 16529.955000
-18251.496002 10171.270699
-14793.129045 2182.182756
-8754.845225 16756.760293
-19990.551330 26288.439514
-30242.356370 23392.582325
-22038.398187 42464.866799
-2012.542830 5629.334138
-4241.350700 2489.928229
-1677.382626 6357.883111
-451.937974 31428.104360
-31021.770515 20729.659622
-2166.068342 17363.100305
-4905.310584 6043.668057
-9675.438892 433.244292
-1777.349785 4402.549805
-2624.948172 4540.033226
-1829.753729 7797.839564
-3808.130016 4515.017310
-308.926487 -818.232648
-2707.754016 2414.181115
-3650.076349 1587.910287
-3474.864496 422.615825
-2934.408633 3084.701068
-2598.958710 4039.837890
-2090.851433 5574.697545
-4597.627973 1740.114610
-2291.511909 3479.546993
-2630.091465 4673.987009
-7776.160404 1248.284679
-1403.808448 3630.499644
-12925.677927 2738.172348
-5256.897090 790.373566
-1277.362019 8214.747656
-2901.841243 2685.595987
-3157.582489 4911.923061
-4737.628327 2190.958481
-4551.180326 6584.260063
-2687.828157 4223.704166
-5709.575275 11275.512748
-4044.517518 7068.631595
-3076.521899 1150.592580
-3955.075188 6515.456948
-2617.616248 4644.380431
-6891.055767 3359.700404
-2362.353974 1992.384715
-2679.293782 1399.092685
-2750.217099 3168.459962
-1380.251930 2064.133260
-2519.458854 4815.048820
-6926.572786 2751.074424
-2795.624882 5136.280830
-1719.989530 6902.475650
-12637.006222 7305.565944
167.198864 12318.920173
-3224.836503 1585.327334
-6630.537095 4347.439277
-4704.176257 7404.361515
-3619.293849 9258.610657
-6196.871239 1383.301124
-3818.820004 3987.542241
-488.359529 7650.910758
-13464.623325 4514.476930
-1842.973815 792.902063
-18527.929103 7887.289150
-7685.265251 10357.479093
-4523.052775 5877.008174
-4725.400841 2165.122508
-1361.970247 7292.042921
-3092.534810 461.615060
-17238.166988 10391.161663
-11578.444829 2917.317740
855.032284 7136.218843
-6190.689669 4421.072379
-4291.467348 6410.152967
-1713.953573 9071.866190
-9173.774662 11948.424442
-2448.591233 2275.497518
-1847.284470 811.864452
-22833.828013 8727.983527
-6320.437371 16652.707357
-3037.321275 3607.342158
-2861.820426 8245.517550
-2828.153989 2292.125565
-11841.289235 6860.010973
-3714.799923 3916.065271
-3401.223368 3973.634453
-13397.114678 4044.118526
-5015.913064 -2396.958578
-2449.401970 18472.472033
-3036.340485 6329.356439
-4370.586928 5895.867059
1153.660941 13659.987075
-2069.592663 1301.063067
-2750.529156 2354.572800
-7197.070396 461.394639
-3064.302165 4194.055782
-2397.572713 2679.976157
-5900.429035 2871.967532
-3768.426427 3547.133951
-3737.818233 7534.321400
-9878.837003 1871.513527
-8675.170040 415.128060
-1076.380663 8248.457069
-3955.456586 5256.947585
-5419.389197 5306.896615
-2634.544307 3317.484960
-2848.719722 3532.284718
-2045.505856 2745.041581
-2888.974214 7540.996475
-1675.816001 1378.517110
-5561.829072 3630.365612
-3541.661061 3808.399660
-10392.475477 1437.034228
-699.894821 14553.964440
-6820.222553 5811.537960
3160.106082 -2719.967685
590.230268 -9762.397386
-262.468696 -2540.622462
2662.071875 -851.436854
2601.945781 -1721.287021
225.621659 -7411.296333
-1371.165193 409.617475
-210.910880 -4153.976926
7999.322725 -15059.849660
5116.236910 -10814.107392
753.383861 -25200.092677
1141.628504 -8689.917495
7584.776984 -7987.015372
1642.543429 -19854.830548
3580.069609 -12356.275003
3168.514398 -13048.002465
-3203.496042 -30063.154381
16104.585409 -21071.576909
2617.398165 -16174.423531
4725.745141 -25679.451125
9446.396743 -40764.008452
7620.791395 -26814.525493
19243.193100 -34664.497597
3732.863143 -14994.236352
389.832659 -12025.972731
14169.885708 -39229.172980
10172.524124 -30244.888077
13908.004672 -29854.799096
3727.841691 -17731.923193
2312.111713 -6767.813152
30871.407039 -27984.609964
5696.621956 -44012.326443
9350.301865 -31488.450859
-412.371435 -1879.760520
200.685133 -8457.296071
129.332694 -9535.511358
-45.740283 -1802.723626
-291.487352 -1899.639828
2007.200656 -3510.100280
-578.583000 -3259.231766
-338.090541 -6825.021931
318.681216 -5650.845453
230.593055 -5013.987666
-37.114090 -2087.105033
-117.526163 -4357.290589
-67.636571 -4015.533936
2936.478059 -2539.840325
1719.972600 -2406.622719
-310.216421 -629.145330
7002.773098 -14720.194076
524.363076 -4983.593275
-93.400566 -2045.198768
-512.228535 -1491.145280
-799.819657 -2927.107060
54.973646 -1977.031766
3125.681267 -5580.623977
476.889494 -1236.742003
-247.438880 -2161.834614
130.888166 -4842.931459
-475.569918 -3088.982880
-553.610009 -597.314656
3299.282040 -3986.999654
1770.679126 -3828.054802
302.176057 -3231.140964
1002.021203 -1137.742600
-970.555298 -2873.803992
359.254884 -5905.000027
103.919922 -3072.210856
1925.819455 -6318.804487
969.748282 -10045.450725
2781.029775 -512.844218
953.567352 -5255.057695
3318.535203 -6733.988893
4867.815288 -3852.816806
2032.894377 -8977.971485
2876.020131 -4710.856620
293.357855 -3795.033617
2027.778241 -5985.454520
7779.017303 -17503.293871
-446.389732 -6221.717511
11956.763874 -23054.293801
1670.097356 -7799.159165
11287.369107 -21748.469411
-565.983388 -1645.407893
2398.481228 -3694.748512
1399.846882 -7297.295911
8322.519312 -6388.844969
2134.468723 -8949.228690
16.296403 -919.821421
2661.135412 -7444.860337
3811.519134 -2799.971123
5386.120936 -9207.532584
5175.715100 -6709.822384
833.542991 -4915.513607
6307.069242 -8264.700138
10458.733093 -19417.148173
6921.727343 -15197.964671
4544.753715 -8351.897090
8102.212144 -11135.984868
19.490377 -3336.098834
4309.681374 -3308.329435
9208.453252 -17163.064025
8889.732391 -8390.949279
3248.503754 -10849.516867
1106.517332 -4359.598364
4576.219964 -6840.634008
5498.173907 -6438.521956
1827.860758 -15756.979873
1211.724366 -2966.871363
944.325058 -4180.232066
73.746832 -4823.219321
7101.828380 -6743.532369
1714.951885 -4085.936028
3590.406987 -8034.134692
970.485183 -3864.450949
3058.838288 -3231.206113
876.470819 -2202.760627
2107.721072 -6444.436512
1230.596796 -2753.256403
816.204988 -3838.137014
2556.404731 462.805173
3989.481818 -6976.649265
1134.087554 -3604.793008
3917.730145 -4904.571513
1549.220045 -3383.483578
2033.823992 -2375.958798
1627.775404 -4078.900557
1281.798993 -3536.202797
1502.881599 -2745.050386
1967.360194 -3785.372634
1968.123836 -6742.118523
-190.690854 -2386.050424
653.473659 -4772.813105
633.833555 -1203.556511
-262.701481 -1564.422151
-787.679211 -684.219111
416.862061 -3493.090847
1076.358539 -3796.464325
223.805335 -1300.838462
5636.008550 -2293.444637
2514.280684 -1860.304946
4501.150145 -3781.937843
2306.524553 -2385.212303
1248.403928 -3160.060949
4636.112247 -16407.402440
5854.970511 -6644.403769
15577.410483 -26041.582874
8760.728032 -12893.262975
8132.157845 -6637.888140
5910.788965 -7438.274307
4586.106555 -9783.070098
8958.187296 -9565.310416
1000.181940 -7568.938338
31929.369927 -42580.814733
7424.969381 -10805.668119
28523.193632 -26708.299067
5554.687420 -17802.605888
22631.906385 -45776.456329
5517.747026 -37723.571569
-4133.722111 13124.008281
7800.476771 -18132.977497
27074.985719 -40700.417791
31992.983874 -41934.977931
5489.674790 -5761.028415
2186.952811 -8408.596051
20005.480955 -25990.471615
21457.301856 -35127.328259
16796.249385 -38835.975389
14791.177081 -26341.464445
871.965632 -1677.720699
4956.983420 -4867.974853
1063.189003 -2670.900371
1892.714189 -744.655019
90.744685 -1330.605321
3734.178532 -2090.849997
448.609319 -2565.071799
699.425323 -1979.559126
64.232873 -1536.824650
1168.275748 -387.997984
-489.312345 -3941.835849
45.697525 -2323.783346
1584.905290 -2380.475821
4399.997636 -1846.588899
112.451772 -496.495534
2050.642984 -10861.586630
-110.703603 -675.970805
-355.488670 -27.194205
-399.873399 -669.436603
840.985355 -2750.852940
151.677129 -520.698710
4314.636230 -7043.113446
2793.854045 490.271088
951.394985 -475.366022
-460.955280 -8244.610792
175.600349 -1001.049840
902.805769 -1261.354441
4153.098257 -735.079723
2488.471834 -545.428877
-323.531666 -866.177933
3997.470068 -2864.161648
-1236.140647 -2055.872741
713.740232 -1669.709550
2802.145723 -2145.284558
-224.769054 -2195.534599
5108.472136 1552.483864
2696.126004 -2654.258284
5965.162107 -5956.097194
5099.259948 -3018.112629
4731.062113 -7687.695588
1255.355111 -681.158080
1233.558182 -1217.030501
7940.832284 -2318.896916
10757.190340 -5323.621985
-795.003091 58.501368
17505.664414 -17296.208560
1558.443117 -9503.428489
15302.105338 -14960.222888
1302.672585 -3877.711693
7016.906493 -5441.959638
3667.057800 -7588.927428
8576.780657 -5808.263771
6793.954760 -7015.232930
2969.310941 -839.750514
5408.151173 -5607.505778
3613.578316 -2916.280300
3504.027537 -10491.157584
6469.418355 -8132.119604
3412.761461 -8551.223400
5713.949503 -10851.022885
9681.926355 -12436.282456
7759.167583 -8431.766969
3891.602612 -4803.055011
10045.495434 -5210.618746
2562.270877 -4770.296283
3220.511481 -3575.399917
6533.684296 -3350.206971
3027.751183 -2772.178014
262.683131 -8826.390649
2019.255329 -6162.242076
1570.986172 -1841.795411
2654.148710 -2299.370244
5940.930540 -11095.605904
2551.111284 -2636.849961
2787.596813 -2836.358545
2090.653851 -1958.616088
1402.177915 -3178.975650
2063.495383 -3224.041902
5474.085477 -5301.563821
453.108005 -4145.219801
3400.526715 -2810.227544
1376.804294 -1548.408149
-555.627682 -414.105611
1118.031773 -1457.077338
560.836892 -30.939135
3107.905380 -4337.174812
7514.077670 -3967.213986
949.578521 -3517.689200
441.330718 -454.022995
2358.691823 -1048.820167
1759.372360 -2077.463487
2162.901871 -2192.773843
3343.966736 -850.113926
695.500167 -2296.460308
887.228893 -3550.151864
3113.215448 -4965.386044
-93.534668 -1481.863602
654.246666 -4069.560799
800.928809 -887.994254
-64.960288 89.700056
942.953043 -3205.353646
214.410120 -1957.531602
188.052789 -5594.230422
-211.392410 -1530.875770
-1151.890288 339.499292
1322.074119 -4030.613869
242.984401 -6624.880016
-1233.823617 -5387.335796
-674.950186 -2173.494476
1605.878949 -11951.247094
16.304636 -12489.636335
5616.295370 -18980.392521
3736.585254 -27077.307157
2141.560471 -20485.857085
850.278463 -12684.250009
-1590.519786 -13917.176748
442.462936 -15411.908911
121.053478 -28631.376718
9112.530890 -18035.684455
-765.450784 -15186.468927
26236.175569 -53315.798848
-3615.747355 -26423.290586
3445.602815 -27096.829250
-704.149384 -15449.744457
3293.974747 -33065.045781
1171.927412 -18628.928067
-4668.444989 -35389.924674
18548.556832 -40911.484427
-274.619754 -40392.190809
6814.563907 -10423.795058
-1002.750880 -33168.341661
1647.938944 -8407.858416
8949.915354 -31126.145114
4556.921108 -29872.623957
3231.595217 -19230.880248
-611.455286 -3443.055255
-212.622963 -4083.554010
-495.570953 -2564.229776
-603.065174 -767.115886
-258.869441 -2597.834327
-106.908370 -5500.707193
3158.816811 1779.427579
-101.617714 -3045.136368
-572.617820 -4526.572895
-682.901499 -7736.957000
107.902200 -2462.172691
-614.872323 -2242.976181
3492.122799 -8402.045770
2285.186328 -3142.296635
-405.002559 -884.147715
-228.126030 -5823.037279
17974.928796 -35800.366504
-400.941501 -2220.812036
-325.556648 -2283.118507
-189.525458 -3210.077549
-660.761473 -5214.124369
-1730.743753 -1558.217747
1491.666567 -4209.431234
51.621596 -2039.781950
-453.927767 -2189.911685
-559.298782 -1779.128155
-13.086247 -27662.302807
-817.749648 -4312.644617
-441.316073 -2882.635375
1424.457967 -5253.133363
544.726094 -6187.537822
-815.214807 -591.023344
1042.906308 -5253.406882
-567.676268 -3168.334754
4.230368 -4369.531798
177.093261 -4012.532019
1254.915057 -5187.958326
-490.751666 -474.614731
665.432356 -7338.213180
3202.716927 -2083.942303
312.379566 -5529.973693
7270.105948 -5608.768856
3217.424312 -5871.629092
2159.937698 -10008.249417
4665.855649 -2610.562032
319.241111 -2922.058314
328.718214 -8432.401521
5517.792069 -23771.829571
2358.990250 -6733.699540
10237.601903 -24860.369263
-401.560053 -3405.718969
8964.566103 -19124.505406
-635.442080 -9039.481036
-579.746785 -1018.908848
-245.468002 -10970.211649
11285.826201 -4817.990094
4503.243790 -12091.141955
492.384403 -4777.672264
6425.929056 1304.065362
-73.402120 -5469.529143
6513.028841 -9059.510708
7887.954955 -12707.201135
422.821702 -10765.032677
4423.355457 -8721.459134
9104.907077 -19639.063855
5520.392695 -13781.935134
3753.489026 -9064.006519
15046.997482 -11403.846642
1710.150845 -5355.222830
6042.354393 1389.851983
9706.433172 -37140.540541
-1252.879361 363.234309
1491.167633 -10946.012664
1492.092948 -4546.299227
2736.900426 -3843.178074
6264.485689 -6204.300393
2436.341908 -14207.251979
-348.378304 -1392.272875
1597.888807 -2324.298061
606.984655 -2204.262713
3343.317299 -13772.010441
-375.154652 -7821.802703
1913.157574 -21293.542027
1338.618729 -5465.642517
1148.705452 -4752.064060
550.634822 -2856.204509
-45.370955 -3368.657252
459.687277 -3478.280212
998.127952 -2707.587970
6499.187411 -5327.841096
5083.678226 -7538.627913
1815.344720 -3002.900491
739.289962 -5069.811872
-91.795224 -3142.708606
2898.141753 -3046.520828
-461.067727 -2092.956595
713.553440 -3083.168411
1368.188166 -4627.391461
-477.227183 -379.330985
2603.586840 -5102.659765
-741.023851 -1589.314229
3381.960493 -7372.264830
-1318.764074 -2001.239977
-421.151937 -1367.366783
2719.123039 -4422.726892
-1165.984848 -3227.463732
-2268.568606 905.637261
-1796.185185 615.574318
-2773.221979 1633.032071
-1873.057027 733.132119
-2483.952658 6663.105058
-1248.675766 9351.488176
-4769.762039 13652.489646
-4590.179932 -211.544962
-7768.615552 1940.753487
-3842.765232 3432.525214
-5820.475878 5898.065132
-1721.412911 602.184470
-4318.362717 -133.191573
-924.858298 -2530.051331
-8951.570491 8316.326297
-48038.257217 -26775.268519
-4681.665992 -4956.653160
-2312.989463 1119.587614
-1887.098305 662.940400
-1869.771300 1922.562290
-1951.288236 712.533650
-1845.512464 681.652009
-6514.068162 4858.823162
-34435.727794 45139.001507
-11145.313851 4749.384955
-1842.408136 729.827032
-6041.354853 6522.814272
-11101.107329 -6656.727496
-10259.421019 9490.877183
-2699.322016 1325.664299
-5477.874739 5986.826337
-1367.795731 2388.207007
-3004.163701 5385.195109
-7267.331639 7572.116131
-3589.392418 3510.159311
-4120.712100 5079.764403
-5471.918311 4021.287143
-4491.041074 3164.769280
-3874.139155 703.925178
-6260.397051 6796.877044
-3670.369849 2059.331087
-260.047329 4267.381834
-1822.637933 753.782374
-3514.944247 2327.529191
-2767.534919 2066.699625
-3531.325295 6501.371630
-2167.544203 1421.138062
-1804.495858 1056.764066
-2066.052996 923.852629
-3876.881904 5122.780709
-3937.192328 6384.921145
-7001.391936 7539.536944
-6095.627114 7629.603716
-1788.116144 691.048425
-6238.830543 6149.606717
359.453724 13989.550730
-2117.172750 1408.080401
-1779.182976 751.329864
-4608.703771 4772.110846
-2394.048370 1692.764828
-2129.938013 1017.378761
-6864.876336 6726.321456
-2194.136064 1156.854330
-4112.489859 3266.245466
-1743.311139 563.105183
-368.254394 3236.027388
-1739.589212 597.867943
-2230.730434 510.797187
-71.874241 2948.206037
-6007.339103 6200.628641
-1840.442171 619.029051
-12496.011941 1460.884098
-4288.726792 3533.702207
-4075.030543 3823.304732
-4533.763652 2174.137333
-2283.407162 1638.549155
-9915.510183 13816.635990
-6386.279445 18283.057369
-1908.986369 979.254948
-2855.680985 8780.143614
-12643.082211 18439.563368
-4452.514898 1110.878131
-7641.157428 -5171.516450
-5560.813943 1128.054620
-6851.713616 250.187960
-5680.533859 9318.731662
365.076900 6530.307606
-2758.935707 1069.881840
-5989.910957 4647.314177
-10792.514235 3761.698386
-2009.318652 1180.552514
-2019.501106 609.538221
-1922.796550 8097.010285
-2133.278213 1341.912893
-2488.694060 3815.513790
-4904.622089 8448.972274
-16462.232933 32864.453793
-8078.130275 6269.494852
-1380.521941 13228.899372
-2231.873551 3428.918093
-2625.590271 438.474943
-3929.531174 4923.111377
-6531.678333 6307.767754
-1931.907351 669.358095
-1969.287359 1423.379273
-5532.167411 3962.176337
-2199.124812 1796.919336
-6142.449520 8305.466581
-4425.969378 1798.589230
-5660.026863 5727.271009
-2941.341490 10364.297717
-4277.000917 1823.953908
-3300.050380 2830.958205
-10951.042639 11940.424119
-2496.727636 2308.357956
-2188.270022 1721.936152
-4649.070839 3454.786631
-4595.176266 5241.455697
-4198.185002 5535.796781
-5133.281414 5265.336292
-2827.741102 2984.034670
-8531.462235 8005.924453
-4159.116748 9902.153210
-5874.836521 5747.742581
-16556.335540 5361.390862
-1747.950818 660.177792
-4189.788097 4708.937048
-1981.289603 1450.092015
4468.287893 14858.259083
-1807.710723 663.505112
-5878.078634 785.087328
-3677.157312 2950.811260
-6304.642733 4736.940062
-4058.791253 3864.188462
-5208.066068 4716.606685
-5171.360068 5094.465408
-5504.559149 5684.059882
-7230.975749 5196.622373
-3752.363980 2653.102941
-8134.077091 8384.761221
-13379.839197 14458.813759
-1208.525377 3814.490376
-16049.363191 13660.246718
-8575.606501 9693.817596
-3475.920113 2827.028748
-16261.456648 16374.303661
-13639.308806 14481.376797
-8224.036361 8830.053957
-17313.263799 27229.096263
-12276.731421 15394.508045
-41289.633251 53997.455321
-15875.000752 15956.482603
-6404.182342 10824.987744
-12365.702448 12445.705658
-18287.361157 3784.588136
-9373.065420 14290.314190
-21476.781088 21229.266039
-41591.437330 11605.237308
-30404.733548 35342.639973
-7018.569232 6268.053449
-2271.519681 20758.341697
-3621.016733 3164.304479
-37304.022458 36418.715657
-24509.354015 33376.896451
-19965.384859 27801.559935
-11063.639668 11671.607203
-3056.087446 8601.271374
-5106.935952 4915.320443
-2263.368188 3574.294489
-10532.866886 10629.027113
-5107.950835 4775.589609
-1201.951770 877.756567
-3934.028777 2335.417283
-4000.722007 3256.242347
-5483.697465 4953.868869
-3832.479418 3533.088054
-5245.415829 5246.977591
-5430.387223 4927.980008
-1766.820008 625.230750
-4863.447813 4960.315038
-6418.006226 3373.257716
-7004.937870 6647.620966
-3475.350479 8228.411756
-4968.096603 4454.694682
-8539.107111 8343.624457
-2173.537713 8388.706808
-9936.314475 2599.646935
-6908.434075 1592.490908
-7610.053680 8926.965707
-6623.930515 6372.629861
-5055.518505 4707.716695
-5939.724941 5692.876431
-5020.891257 4312.732217
-5319.167223 5169.072270
-7411.271207 7067.366777
-11330.328992 12773.619821
-14035.225721 15241.797883
-7788.030579 8081.858668
-4355.465216 4271.429665
-6359.456764 6448.986581
-6866.902401 7530.316254
-9235.676905 9869.268807
-7951.414409 9831.023216
-8669.767350 8202.874259
-5034.050983 4612.809573
-3154.346627 2647.072205
-4454.406243 4321.166863
-2295.798802 420.050797
-5090.859476 2543.397165
-8823.917786 9431.448029
-3709.266716 3312.288461
-2359.650368 1281.939908
-12128.059436 13701.490124
-4153.297643 3839.131674
-5239.706232 4363.255092
-9998.679708 3348.756559
-2887.899219 2151.453993
-8262.987986 7879.386534
-13029.838928 13452.318144
-22955.896017 26296.105826
-18970.174039 28727.441439
-13549.308501 18244.319680
-29233.006656 32889.010629
-2328.630591 1435.912341
-6630.153974 10838.480394
-3825.857511 2912.267068
-7614.006535 12547.864322
-6004.103150 12462.751337
-19650.548867 22733.042025
-5444.969461 11153.398902
-10853.078975 12456.333914
-13853.077638 15048.527256
-15691.054842 16824.826530
-4580.134662 14749.392052
-3601.459933 2253.880623
-5405.001053 24001.212516
-4869.695058 10703.378693
-14601.999240 15936.314804
-6003.181070 5388.516519
-2257.788477 1692.740719
-194804.624553 29908.032292
-12587.796879 14970.731097
-9905.291346 10092.915885
-2458.859754 1774.696853
-10412.347519 10257.056579
-8681.213008 12138.024517
-8885.737978 9534.149278
-2973.312276 2251.580395
-7195.110422 8168.833250
-19038.178722 24755.622567
-13796.849045 3913.521692
-3575.523133 4222.030924
-4677.392534 4093.819983
-8259.198683 9202.142435
-4709.220921 3550.933107
-1429.176176 13731.221510
-6296.623534 6334.575798
-13535.624359 14123.990544
-5249.452738 4690.069381
-3265.443952 837.702659
-7740.026956 7209.089192
-7833.750210 7457.215820
-8539.631835 1161.745803
-9015.272284 9400.548952
-597.806108 5638.846638
-8274.487030 8010.152981
-8642.232988 8975.852896
-3107.708377 2347.724833
-12225.571059 12760.444456
-1977.775961 5038.007812
-9913.309110 9874.346643
-12106.137494 12468.814110
-7627.190945 5113.880044
-11621.772103 11809.581842
-10673.199607 10328.541849
-3476.481515 2914.632919
-9111.861411 8749.401345
-3380.646439 2598.596558
-8634.184232 8128.475066
-4595.136804 6192.631544
-7939.144813 6634.395464
-5948.886857 5309.612587
-1858.373767 623.030430
-4998.296404 4895.489698
-3576.461217 -1841.332335
-5840.849701 -1934.591303
-1479.025311 5152.884632
-3073.372385 143.922265
-10577.411582 -3900.042677
13752.794748 22352.439649
-24544.145057 -20003.839807
-25125.672869 -11406.911848
-19674.275781 -7807.540331
1339.626707 6041.176412
-20044.040084 -8092.260805
7828.683709 59765.126112
-10248.568962 -7293.744411
-20416.612325 -7951.378874
-24765.864394 -10633.942747
-23316.104794 -9331.223393
-11293.665621 -4132.398742
-5393.435846 -1420.550096
-11258.658831 -4135.446683
-9830.826261 -3982.217778
-4526.352555 -2874.860148
2333.654766 6930.630803
-6350.305697 -1987.561392
-6314.348212 -2036.095075
-7120.903032 -2408.138274
1181.180627 11847.278026
-488.976991 6846.871597
-631.251731 6450.481309
-9486.918253 -3470.275305
-6412.918051 -1987.892045
-1740.648150 593.990725
-6827.463324 -2193.746874
-11740.118533 -4307.038161
-6415.068781 -2040.374742
-9172.097406 -3362.293535
-6951.573264 -2307.869238
-2593.950005 -272.964815
-12527.668214 -4636.390094
-13770.736599 -5141.750069
2.581384 7834.309890
-7298.596988 -2558.566474
337.540201 9173.607242
-11268.463892 -4169.992399
-34039.576995 -15093.778276
-8565.495913 -3030.697089
-11320.049973 -4401.434376
1906.824781 17171.165644
-18956.353008 -12382.304571
-6317.965789 -1801.909086
-7924.069210 -2779.631525
-13325.833312 -4975.471483
-8176.300867 -2812.433773
-17979.067624 -7136.420511
-11146.049457 -3980.760381
-3918.489231 -635.574392
1577.501236 13863.379533
-4532.227390 -1085.460657
-10721.627942 -3929.054303
-4895.692056 -1205.111307
-5245.510948 -1333.678728
-4164.546780 -763.696809
1129.624447 11515.136667
-3541.798973 -488.158832
-3792.615562 -1955.352362
10.825578 8126.042776
-8706.655115 -3049.961753
-8287.647549 -2891.225257
-5948.789858 -1751.298129
-6668.913701 -2155.154245
-4381.793334 -718.755997
-9532.455737 -3543.978384
-9280.207711 -3345.552560
4404.687616 -545.103680
3538.312554 180.770848
1447.635038 -572.728881
477.821131 -188.069961
1430.437564 1134.093838
4260.364973 -1088.967012
2798.926102 -927.714735
2183.756256 -1562.132588
7171.577015 -8143.728345
4535.059301 -9435.887347
15937.244576 -15448.682383
15741.369948 -9419.869326
8970.458484 -8312.413207
18015.601936 -6738.149878
9435.298117 -15998.448237
3150.932234 -8054.513243
6161.670210 -10483.273397
14527.001495 -16955.431449
5821.353748 -9903.078422
21591.003478 -23503.051609
6284.032596 -15275.748998
13334.619093 -10776.905691
4557.270836 -12266.812045
7494.896812 -24263.091582
-143.729014 -22787.532019
3152.900611 -29347.434287
27228.272019 -37418.249815
33632.007109 -47152.260173
4848.667312 -5481.997503
8595.362980 -10955.204954
4831.960595 -5903.745404
39803.955153 -14782.099299
26453.437640 -12766.820090
1600.171846 -16834.178530
228.004474 -671.975569
2913.917995 -4.406577
2306.108433 -4251.330799
-391.594718 270.979760
546.586272 -686.311207
4043.021584 -900.499863
3029.977468 3065.785643
922.063655 -900.428274
1481.439315 -3022.634925
2156.997634 413.957731
147.751220 146.826949
665.905974 -470.068830
3493.381774 25.605789
4706.065507 -1959.060279
4286.498402 1098.829852
819.896042 220.028050
1890.595008 -878.806444
6963.571515 -1050.802505
11241.885947 -176.596949
133.335087 105.450226
525.704780 -99.276178
-637.249295 -215.829392
1455.847171 1137.780728
2391.932166 -4596.997379
7565.869640 -3546.241539
4176.842159 2358.367965
36.379411 -46.185710
-111.564135 -293.217181
8402.088159 -4739.868399
492.593713 -1370.521853
4231.044480 919.630340
3579.722085 976.464084
-135.369566 272.146426
-877.022403 272.785872
-438.144280 483.575244
1737.205511 -1881.598706
4802.358957 1179.212951
3120.841795 -3348.242562
6194.711239 1525.671382
5142.126116 -1625.814124
9598.939439 -1003.474928
7641.148286 -7.956379
11291.587272 -511.592346
3764.761537 -1660.529585
1250.097122 503.018704
1924.418218 397.207664
36104.176700 -23304.485859
5721.275278 -3053.867494
20142.139257 -9859.961332
8583.319096 -1942.671453
27240.846250 -513.216503
2611.992662 -2156.894442
13396.790353 9335.952491
10071.826099 -2848.982613
13060.393934 -3048.888462
18813.358201 -5480.159136
6031.655996 1208.107535
7643.761863 -1934.078845
3371.535765 -1594.249235
10479.090325 -12367.286096
11738.907276 -8482.825388
8217.892240 -4487.962842
14006.750527 -4849.660322
17667.080429 6573.863553
19684.418164 -2154.170640
10600.579564 2017.529918
20794.307315 590.350555
4191.381226 -400.170791
6422.040500 4448.689799
47024.021660 -20949.502716
12122.288487 -17532.628580
10854.698894 -1630.320313
5460.129098 -893.506841
15535.933832 -1769.503134
7325.056212 -2951.988151
11965.443281 -1667.615115
4050.754957 -1379.232158
483.563029 -10.773093
4277.362041 -402.552921
10882.684073 -744.754135
5017.920233 1560.341682
2221.049135 -6430.915118
10509.788792 118.060516
3329.378904 -714.578167
3133.101205 -1146.645266
5580.414589 3293.401540
1277.754488 481.982858
2793.764283 -817.071465
2093.723578 -772.003671
13813.028144 -1090.834528
4877.671481 977.213874
4707.001568 2126.927556
3879.266195 1007.808177
5807.829314 33.676039
7122.501081 -150.842139
6176.044181 941.784805
3312.777266 -1702.711654
3282.510109 -3036.482681
6322.859299 536.094706
-5.532944 -584.861165
4294.678813 -717.662276
-117.518742 -620.600759
-110.368043 21.194854
-541.250075 -5844.567673
62.739531 -978.954841
1458.745514 4199.488545
-6562.855144 -2300.401317
-7337.663016 -2488.309668
-3894.775129 -633.846588
-17949.155906 -9932.088680
-28561.402676 -14971.396896
-24198.548593 -18558.393345
1769.992159 22164.793217
-20318.042508 -8176.238846
-42172.753726 -27914.771756
-17883.798110 -6692.637752
1755.759933 51365.429890
5005.618969 9238.544480
-32636.720120 -14993.965800
-21470.165735 -8559.543480
-28566.261620 -12941.320728
-19325.869392 -7531.462956
-4491.374000 -970.121338
-12840.655245 -4755.334095
-3732.139127 -3048.460393
-4803.895685 -1124.964637
-5838.456011 -1696.814241
-6844.688650 -2334.156064
-13730.928990 -5268.710381
-7010.676961 -2326.027855
-8882.243153 -3178.096923
-9395.825183 -3393.036899
-1533.655685 5136.371143
-8206.861265 -2883.254333
-8542.280291 -3024.817334
-6334.607565 -1977.695589
-6150.704721 -1870.798961
-5650.233718 -1586.733977
-8922.332807 -3229.950016
-8231.655906 -2912.095818
-5470.212880 -3573.272008
-191.405034 7543.621968
-5598.410495 -1871.348525
-8623.429406 -3087.926790
-6706.066478 -2165.398116
1599.045126 25423.582589
-9678.403126 -3512.740028
1675.324159 11011.919699
-10901.982438 -3956.244061
-21358.062812 -8897.737556
-12428.729863 -4570.439418
-2910.123234 -43.049991
1227.067151 12611.099686
-18920.290002 -7275.115526
2007.935631 18843.119734
-17271.398297 -6474.090053
-8906.074023 -3194.721124
1636.449221 14707.849718
1674.766495 8885.459034
-5829.532214 -1701.968464
-6715.192034 -2205.666984
-4778.276070 -1105.689354
-5605.188947 -1552.998624
-10790.368690 -3950.093228
-3801.166438 -598.801029
-3839.483838 -688.764425
-8582.795091 -3041.616539
-926.872933 6015.049087
-9980.926279 -3626.338686
-3954.684422 -670.712479
-5602.719691 -1556.626909
-5258.553983 -1253.792388
-9111.859351 -3248.845549
-1827.992092 571.116948
-5464.414097 3907.217177
-1891.296321 782.177329
-1043.569366 3683.145489
-6898.969017 1654.573344
1145.502505 1856.924177
-1412.753356 6556.426643
-3735.095482 1764.675201
-7504.894121 8366.368445
-3419.454914 44.299568
-1787.472005 661.235680
-2666.042910 -42.056568
-1605.813553 569.731766
-4591.803812 4295.160427
-2211.939369 461.432107
-12497.904117 7933.102508
-2039.242850 1268.355850
-1795.777044 651.842983
-6879.959014 1692.184065
-1811.300055 614.054564
-1725.810076 620.518124
-32670.856515 10983.027912
-37480.890001 45305.863689
-9708.459310 5420.670799
-1968.595883 729.888504
-11583.401292 15906.123338
-2009.048625 761.452089
-7802.814300 7282.101758
-2278.024881 7259.732292
-4507.253636 -319.173424
-1747.359835 631.820043
-4789.191203 4809.046044
-6372.008538 7493.099893
-3369.284661 4771.567634
-7870.023721 4241.319897
-4840.026761 4206.934079
-7660.970634 7530.004576
-3672.540208 1960.474578
-1775.140528 592.576462
-2469.290529 1863.509253
-2327.764687 1265.771487
-2458.565571 3498.656841
-1798.673201 757.472926
-3492.415096 7509.386399
-3613.764095 4822.127594
-7012.732718 6975.764149
-5187.606420 5707.268640
-1759.270398 610.349074
-5941.298544 5957.816913
-956.371453 12315.937115
-1720.150754 652.792650
-7562.255240 8476.639503
-2027.803645 1795.315855
-3818.406827 3968.922871
-2816.571362 2659.731372
-2166.756709 1287.621605
-3089.067545 2727.634445
-4433.616311 2993.706092
-1784.985263 586.075157
-3170.666001 6562.786493
-1778.485097 595.980660
-524.374469 5956.821929
-1872.551159 632.845173
-3031.519637 1822.059701
-2060.932678 1143.752763
-15554.175126 5992.920038
-4824.364112 4468.296341
-4849.477154 5479.490572
-3229.651489 2015.255788
-1859.935835 564.788982
-8029.686643 367.260343
-6710.481430 11858.930383
-2165.245360 1589.961440
-6337.755625 9954.427720
-7638.793564 7149.878359
-4411.936173 4640.834532
-8295.195480 -941.753255
-2501.372503 559.538098
-3460.803800 62.238803
-9162.766541 17194.597501
-8117.968363 -986.237926
-2373.433660 519.489341
-10051.736151 10875.545399
-12330.951320 5585.385390
-2694.851954 1425.153502
414.603406 5278.183614
-2710.430371 19246.800648
-1992.525700 819.250717
-8122.666114 5556.729980
-4911.330751 5182.939964
-2235.242375 1104.523500
-9750.854023 12691.102236
-7456.981152 6345.394677
-5110.682354 11780.833641
-9457.408250 8810.709261
-2468.996293 1031.114553
-3649.559476 3859.138375
-1919.152696 1000.627275
-5593.993431 1043.804549
-2825.504080 2002.184760
-439.223041 10130.779778
-1687.521662 3225.238079
-4499.229579 7832.962208
-4331.693187 2399.162029
-3295.151382 4664.191754
-5594.666798 5566.340635
-3459.444185 3354.133953
-3416.987262 4967.634845
-1472.109151 4631.178516
-1915.867123 4372.406140
-6579.168191 6679.408622
-9749.489402 12424.941397
-2908.287340 4682.453632
-2751.663431 4084.216156
-1784.495513 5384.606743
-5324.961709 -544.869949
-3660.135813 4359.650012
-5634.053113 5441.948966
-4116.788015 5709.071290
-952.158601 3489.216531
-4868.727493 4670.858037
-3230.582853 4743.334615
-6447.068797 9523.598768
-3049.954272 312.984691
-6676.682273 6502.120993
4163.280410 11513.153696
-1796.986420 651.927614
-13967.252579 11388.408411
-3379.659435 4383.909708
-1689.463323 1425.873321
-2431.660538 1653.363222
-3172.428812 3023.470109
1536.275483 10368.240824
-2998.277326 2016.831236
-2428.721596 1424.005765
-7718.303673 3634.983667
-4238.158926 2250.249562
-5247.121508 4848.486014
-6157.469357 6148.847371
-5657.441096 6424.411499
-4603.332092 6963.197970
-3188.804766 2408.354218
-5455.367797 4992.631842
-13625.048648 14883.232078
-3422.242228 5257.359908
-3647.698432 2902.904911
-13136.362578 14800.723376
-13480.093847 13542.940284
-4739.425005 4389.821295
-32726.511013 36906.442914
-39504.912121 38973.630138
-11476.591771 14108.822489
-41140.524845 40570.240722
-15929.995420 16020.586647
-9372.784581 6031.636957
-1743.881042 590.462834
-18123.897034 18505.635901
-21672.702552 24192.744206
-32226.342766 33940.479373
-30027.690642 49320.870605
-5321.009963 4290.451268
-11060.772793 35601.241624
-6326.941262 6237.596829
-52716.804158 43484.580670
-23317.444062 24722.878545
-28153.628825 15168.191990
-5761.705944 1790.668240
-7658.637284 7801.851394
-5502.230942 7888.981669
-4629.315043 5072.977998
-3269.841215 3139.443541
-4346.484921 3936.042096
-4496.624060 4132.244953
-6479.105977 6265.403899
-1573.793038 3838.398390
-3163.100317 2558.305266
-5589.629457 5081.554460
-3682.533237 2859.599313
-6189.194956 5825.815088
-3226.730083 2710.174083
-4247.218546 4215.887122
-1749.479122 627.043341
-4908.585032 6610.259355
-5140.507756 4912.556801
-4568.230464 4040.501035
-7519.479260 7419.986153
-3229.572521 8078.392979
-2983.560211 9533.193794
-9577.014904 2921.462893
-7222.381419 7078.267984
-9683.749770 9111.163355
-6121.894052 5542.982734
-10898.097011 10943.577570
-5147.187283 4749.030991
-3875.788878 5587.475193
-8001.748782 8090.688725
-11644.099907 12358.994880
-5664.072328 5188.929704
-8392.574096 7994.675287
-4829.818898 4274.988803
-1877.347599 1267.074104
-9288.980280 8721.513168
-5422.883045 4805.880471
-7995.813471 7605.801257
-7305.605936 7093.424376
-3770.284346 3354.297287
-2441.565314 1469.902242
-5559.799351 5316.749753
-2162.298930 639.797773
-3631.580505 2608.743747
-3550.659132 2549.469475
-7236.144846 7115.436296
-4890.652779 4420.427313
-11347.145422 11158.488772
-5855.597133 5606.094134
-8598.399595 9496.001584
-4113.103917 4080.872070
-5701.248410 4740.521662
-6172.169305 5716.891800
-2309.308997 9274.973023
-3813.775894 2839.299380
-10502.260061 10853.161591
-13784.757828 14422.059864
-25156.022438 30372.247511
-29163.520369 35482.079340
-2436.953695 479.777652
-14627.738714 21584.519569
-26823.218562 28846.418603
-5337.006609 1502.294899
-6576.585092 16008.768983
-1252.548605 9197.818372
-5650.759026 14271.870399
26.942429 15411.924064
-13118.289826 16379.887776
-7549.570744 15401.314770
-5702.217957 8683.569792
-14637.625709 16724.865435
-13456.430236 20281.750079
-2110.284351 595.381370
-614.610224 27380.787858
-7011.482675 12372.520243
-14841.819334 15826.672510
-12850.448558 13061.099698
-3242.300348 5677.612813
-7592.151486 9497.214391
-13379.111578 15269.386460
-9723.547251 9348.897131
-4329.720927 8801.154131
-11302.948940 11152.221055
-2930.592301 1444.430113
-8811.549207 11848.464592
-9350.172601 9236.586799
-3131.417294 7174.829708
-9606.954835 10523.937940
-19463.740337 10691.983706
-4650.264994 2451.292252
-3894.620739 3446.248799
-10281.574960 9780.920733
-7356.707886 7965.359791
-5669.324023 7639.589609
-9452.196089 2463.936940
-10844.581452 10591.128666
-14993.226302 15927.963875
-7773.702202 7367.575431
-8769.403727 9860.633549
-6467.961789 7282.186799
-7417.909903 7808.302948
-6857.368899 1625.787801
-7516.840653 7873.103166
-7600.811273 1456.546713
-9744.219049 9609.110885
-14530.128761 17026.494243
-7129.285687 2469.035569
-7394.950081 7290.819871
-2885.476613 3338.420961
-9905.495896 9414.548686
-2343.912374 3920.797723
-8388.378257 8108.267927
-3779.780029 7641.334528
-16873.352099 19301.062833
-11764.667189 12006.213977
-7089.106806 6801.488054
-1813.155996 688.805711
-8140.931527 7741.426767
-8630.295853 7866.058883
-4747.255877 13049.753833
-6246.904068 5504.640543
-2866.402145 2652.601892
2341.479079 1922.994144
2149.944924 -1417.828896
2464.642182 410.321255
1629.732309 483.131364
-1267.882097 403.087024
4525.892047 -126.552295
1464.073722 -330.908773
14591.062429 -9485.524753
13959.913115 -6199.812854
21043.613834 -37635.411877
14289.072682 -9650.493886
12386.456568 4677.295984
5425.824389 2846.186008
10646.598370 2772.456854
9858.444649 -4011.590160
19507.499331 -6017.343781
27817.313930 -6932.233719
20277.994676 -2413.379135
13992.238094 -2406.704311
15696.836412 -15097.066672
25009.574147 -10629.439165
10257.662353 -11985.143230
13736.391823 -4379.286904
10454.903865 -13289.709072
22751.729690 -11682.966368
38504.393207 -18228.715933
28351.763733 -11166.655171
7038.135467 -1636.142115
21723.593214 -15607.012937
4723.993215 -2273.072875
36081.104269 191.273867
27145.700427 -3295.568833
15762.631050 -5056.532350
-153.931203 -34.478770
3104.722804 -2076.970638
1146.264575 -1711.709351
-663.595885 241.981608
181.596238 -184.730901
5608.942582 1133.988776
903.092177 1120.115297
-1768.276560 598.567576
1883.189443 -2372.679744
23.199127 -1232.637378
-64.421565 -970.910021
-42.104989 -218.678053
480.641691 465.314987
4505.617155 3576.326407
-212.707024 427.218546
6217.613813 -4691.464400
-137.322954 241.865083
159.309537 338.615452
-136.066348 -174.974212
1516.330777 -1131.501068
430.902651 558.135908
8437.815647 -5176.055805
-1305.375415 -1138.409200
1276.888840 852.934154
-344.648877 26.387212
-427.645418 27.332676
-103.331106 -303.279093
2100.010320 -430.551725
3205.369091 393.552658
5419.579056 1952.482857
-603.771717 -200.829350
4718.094252 1330.304489
-393.221310 -51.386346
-193.612186 -187.061276
3109.907665 -86.191466
-467.422448 213.988575
3114.008955 973.783526
2893.309754 -1172.350389
2966.365094 2430.588150
7346.558554 2081.643721
4214.243890 -4038.761129
2518.455797 123.487757
3259.939674 536.314694
-238.100646 2022.568312
2297.295663 -561.067885
3314.670288 -800.015762
9339.575896 -7301.553653
3526.458113 2626.508033
4287.430063 -1377.842468
10377.155564 -1110.452770
7676.738751 3149.694184
-1812.031707 -48.928690
-2040.167490 -4880.998456
4656.852211 129.835721
9919.862296 -345.450726
7597.189501 6880.020752
-1508.899796 561.198654
17587.977711 -12742.585321
15339.684073 2175.656488
8303.949174 -2982.899749
6053.234264 3449.102857
-2244.534549 517.662100
1842.918044 -124.925045
7675.658580 -1086.115588
8325.599594 5562.265718
6680.883126 2340.456644
1979.184838 1403.131496
11011.827416 3280.068509
-1259.704636 507.613781
-294.044656 482.070927
1907.508184 1780.202433
11972.668670 5607.419192
3839.189056 -1139.702904
-689.854989 522.165351
2114.199870 -231.361192
5258.025555 -1296.548475
2454.241175 977.103153
4729.467640 2246.004915
1658.988930 178.141035
139.666371 786.456274
1630.474400 -398.539466
3089.551410 338.046088
2071.627016 1209.663032
818.743370 516.625138
1176.757647 1633.815026
10370.088594 -232.155748
3421.079081 -775.590920
1021.612693 347.445850
191.546362 177.592344
5759.471062 -1792.532632
188.416928 -6.281801
-248.903773 107.783109
653.574399 -278.859043
350.950414 880.637586
-437.886782 396.845103
1825.055325 1240.048074
-4755.783419 -1233.088080
-5710.471026 -2385.657807
-6543.499939 -3535.066931
-5597.831787 -2404.579012
-5665.586953 -3313.468465
-1874.407185 555.681007
-2053.808412 483.103759
-7517.447913 -4986.363751
10772.035470 30754.873560
-15757.667566 -12025.939001
-39063.681950 -11207.192820
-23753.732587 -5183.537058
7645.319712 23204.038934
15834.111229 31912.160138
-19231.809063 -13870.040082
-17833.131750 -12773.880042
-20586.073407 -22907.785391
20898.393182 31393.593616
-18688.163074 -13648.604930
-13338.143685 -8104.784305
11029.299525 29455.983325
17486.240844 49269.193774
-34922.850353 -30760.342128
11599.923254 37349.389121
-30139.831250 -4913.267519
15612.064239 39770.563067
12743.676357 41240.330307
23387.149663 34143.851727
21324.440697 36222.663717
11178.456455 35075.319817
-10756.645016 -6646.334499
8578.182018 26361.773509
11664.236294 35354.264174
-36414.842340 -9526.165924
-3730.104702 -407.924130
1111.029853 7183.786316
-4474.519225 -1272.817793
-3849.542546 -458.498447
-3883.656973 -677.039935
-7548.253713 -4049.376356
-5123.868347 -1864.630820
1135.032701 7233.615760
-7402.217246 -7208.246962
-5003.604925 -1967.649567
585.702454 6492.152452
-3865.563489 -731.602121
-5523.706572 -2617.376215
132.771480 3870.401656
-806.315605 3739.891969
-3428.499581 -307.089644
-468.174198 4765.607335
6794.336375 20792.832208
-4695.977062 -922.750181
-5331.251905 -1428.232814
-14633.024207 -8795.105096
-3748.932576 -1269.570011
-6882.373181 -4708.520434
-5277.240573 -1702.417160
-8293.408839 -8460.167489
-6116.026635 -3623.457845
-2946.101980 -150.147116
-4223.131726 -2298.281233
-4635.299371 -1225.333210
812.907045 6216.082784
-11219.333686 -7022.280302
389.180919 3963.723192
-2540.743609 259.332497
-4865.209477 -1575.708012
1218.353427 7505.183046
-3598.590386 -389.612836
23348.493600 50437.631127
-3925.327617 -689.680953
5748.584071 16929.903115
3910.716382 12788.029633
-4340.210342 -1077.203817
-5027.251360 -1595.906671
8304.797088 15138.697126
-12556.180616 -10239.164135
-1988.667148 131.272695
-8618.540594 -4914.085761
8563.031813 24952.170385
-31574.265025 -20022.730084
-7217.571490 -4031.291147
-8874.707207 -5475.342885
4804.984012 11054.988360
-9724.808668 -6449.908192
-3818.233728 -556.685954
4150.483671 12486.325894
-31799.931648 -10015.430567
-9402.369735 -6197.784827
19302.761676 34163.614875
-2276.829672 389.506298
-35222.365068 -17196.864316
-5301.384740 -1640.277607
-15970.586347 -10447.911798
-11666.521932 -7246.226047
-9158.647572 -5982.769919
-14677.391043 -10390.368845
-8649.878295 -5546.763016
-6299.937775 -3316.152411
-13436.171511 -8559.579232
-26347.287859 -6079.040845
-10206.987057 -6198.414786
-7625.278773 -5238.333310
-24578.168281 -20401.778522
-13618.213702 -9188.791619
-10656.399532 -7539.097670
-10627.580864 -11338.566654
1057.535698 7138.904780
2979.593720 10121.406570
-14667.539473 -8403.047913
-18138.839398 -13554.769405
-14819.636880 -9515.068860
-18584.852148 -14841.662309
2394.974695 9097.079525
-19447.012696 -15975.509104
9274.146187 31081.256465
1506.717323 6799.425299
-6010.436321 -3214.930797
-11993.797952 -7574.182754
-5224.420296 -2010.889229
7366.625317 12928.375795
-10192.606043 -6640.270714
2458.680158 8370.971212
-7001.247751 -3959.242456
-4382.765493 -1398.577982
4221.111353 8643.936309
227.275837 4906.496813
-2953.545972 -66.411971
6108.224959 17818.962959
-9363.083033 -5843.304568
-4069.814045 -735.770261
-4793.614797 -1516.532126
2009.000488 4931.430907
-6182.534720 -3175.228548
17.338076 5255.736838
93.126457 5117.575662
-5350.175840 -2196.555354
-3352.681963 -269.693916
-91.489226 4671.158094
-2693.301097 -1290.556580
-3519.930369 -317.723387
-8968.348432 -5642.243489
-4442.706135 -879.964360
-4942.429976 -1770.320153
-3404.605558 -384.957500
6840.711448 773.079890
2055.722550 -2015.894455
1625.452456 1443.868065
1598.770980 1914.231541
-1511.829090 536.700474
-621.691345 -6797.535785
-1740.983888 637.906354
-2341.344228 -5782.709803
10102.558794 1264.402519
28148.151134 871.566939
21352.126239 2933.654030
35483.598539 -3293.830945
19074.218640 5564.602789
14513.363586 -6046.756835
23571.090074 -10794.702132
33594.520868 9215.164354
17517.491466 3294.369028
-9014.937630 -35124.480518
10385.749460 -23444.716756
20550.094079 6841.731360
14794.798155 -3676.593498
25703.468956 614.379966
18284.213262 4214.452508
26168.801722 6604.375421
19396.871468 1879.803537
23974.416281 11842.959392
25908.103360 -2412.141521
61005.236522 -8046.961357
7814.085416 2674.697433
15603.828806 -21085.245287
7557.084459 4223.600345
20910.830870 2714.040652
22081.007833 7392.045023
31531.425066 6591.887032
-1049.231456 236.259451
-1204.292272 -3267.395010
2550.517089 2169.733689
-286.431801 1164.498328
267.968194 1376.202200
-1555.061177 -4051.078558
799.668492 912.969180
783.468756 2349.932665
507.590228 1328.326413
1384.775688 1432.721581
931.553104 2165.906057
-124.004605 723.776941
-1699.991869 -8227.714043
4898.238803 1977.553027
76.331736 606.715741
-389.657370 785.526505
43151.015282 737.015163
-381.589087 1084.669353
284.751015 1682.585302
2412.901066 1943.904552
-619.261248 841.265245
4609.042256 3833.453799
2720.003867 2902.948696
8402.197537 3506.400105
166.241316 1019.391483
596.332634 1283.824163
272.647955 574.532223
6872.564752 -864.456765
181.260248 732.232323
2021.816810 851.989510
304.363094 1320.960451
-781.385337 215.568697
136.297091 -5525.919692
-665.939940 -7196.554323
-384.353743 837.463747
4049.975857 211.140991
295.279865 1308.267596
2725.717453 -3295.282011
449.543713 1156.024951
2122.938246 1634.789057
4932.455362 -3621.287972
5497.035798 1697.584435
-877.265447 -6590.640123
6161.295603 3348.982367
-1119.482902 -8219.246718
12887.170920 4208.969839
3855.850529 2574.625814
3347.580991 1688.498688
8067.466720 -4543.887866
2970.289456 -12288.344541
5009.001964 -2785.860133
31260.605722 -577.250572
6065.940459 -56.953333
36549.502234 -1019.767945
-87.284127 -8614.709947
16336.358675 3197.809430
9282.428811 -4444.543554
16713.381484 5876.105775
13294.596320 5243.183232
4478.113271 614.144346
9348.137159 4606.217575
9114.017793 3729.975861
16076.847992 5167.867350
13663.057442 6281.654623
9247.492622 3407.242669
15889.008042 5383.160287
19608.107058 -11994.092991
15974.865469 1456.849999
11953.933613 5807.491342
13428.204241 3402.496038
5145.764812 -12403.993368
5672.911015 3661.271252
21858.815249 4766.203346
17969.346777 1811.143385
11440.355267 5054.779861
-1009.478258 -3051.690861
5984.352773 2509.858247
9158.534556 838.825919
11909.451197 2400.675972
4302.931842 -196.139554
4882.390851 801.154342
3324.950919 2149.345271
12397.266445 3842.330341
-80.365324 365.653711
7873.259722 2157.820043
4420.610292 3313.096379
4161.211472 1924.973808
2001.849144 1726.067578
7908.145057 3168.454610
2289.585380 1736.131717
1518.975414 1402.498708
8849.866177 1941.005432
2759.894775 1569.656579
1784.148070 543.774022
-2832.207118 -8428.611239
3100.962095 -1391.886146
1065.370466 938.239820
2444.910975 -1289.902738
4966.247633 -859.139227
-17.764594 1068.653893
9317.342438 646.195986
-160.800581 1269.973784
53.257434 1140.510027
5384.002286 -1217.642400
1185.830508 1497.685198
-905.304116 -5923.266960
4218.664048 -6291.310586
301.342395 -2998.368139
2459.529901 2470.666781
1697.982499 456.822101
-1500.359259 534.346411
7172.300399 1243.885226
-1422.562231 -3417.876809
22275.330720 4818.271359
19630.333936 -3590.849368
21161.526328 4953.824303
25828.274072 10029.239330
21283.638172 8570.294632
15634.183625 -8038.709582
13985.153333 -11556.182762
23479.287008 4147.911961
22121.731416 -9223.185162
31605.213699 15439.163122
32119.880030 2849.127556
30946.886210 9122.386665
22096.640346 -2465.301992
50674.078946 -20893.217623
20255.419239 -2817.228011
22788.930300 4234.533860
14035.194847 -18672.228717
22203.601216 11233.796361
-1025.272418 -39006.727630
36010.020503 9081.105805
13313.897902 1407.214318
13141.488100 -6784.358658
34665.646636 4576.890273
40595.085506 7406.172386
25551.169577 5493.966855
34509.018315 3187.404530
-387.303182 738.704446
-1463.162457 -3631.643039
1210.318907 2396.729698
-513.095748 487.541420
1032.461529 1080.825635
3745.242004 3527.150281
-1711.797279 -1626.774550
1690.333034 1776.803039
-638.028303 -14.749934
600.036707 1627.522841
-142.321648 652.651687
23.690680 1003.705020
143.235402 717.546716
-854.395449 660.446178
6074.588903 5191.860404
5691.729765 3060.770641
2803.211705 794.706658
-203.696440 751.535847
2694.043522 -372.446237
1467.227022 -1804.292861
15589.226446 3365.966032
-693.238911 -168.966416
-228.456785 1214.693674
305.188200 1725.023495
-486.431725 -617.136608
-1113.690972 -3894.852803
9848.297140 5393.255535
2654.049007 2444.790157
-852.976745 595.416215
-423.352652 -297.645702
7845.782799 -829.895731
161.579116 -1326.853488
1530.001325 178.090432
203.708723 -7373.364227
6816.348915 946.569532
304.449309 856.509279
8712.156577 2745.116702
1145.475666 2014.941225
1134.599409 -2786.042115
409.419162 1397.413712
6705.045701 3379.407730
-654.592141 -1450.000636
8444.384492 -1924.888651
4275.164631 2026.242381
3198.052937 -985.575836
8347.289856 3703.916168
428.147988 -6323.789988
10275.944784 4570.926985
6843.564168 1029.218742
-654.293422 -4387.186295
14373.876714 6723.508946
18917.369378 10291.420894
882.624769 -529.042689
32898.161202 4392.301329
11964.578658 -2974.467724
23719.080893 -1657.167143
-1866.785118 -8695.094576
11614.304364 1507.650789
3802.356209 -2239.106100
15255.612526 4518.067800
8761.345670 2603.768861
9072.537708 921.528357
8045.807041 2359.729093
948.270916 1695.349850
8088.168230 3722.038464
23921.232414 10607.303615
6348.034813 1089.979743
15058.936874 3377.532878
21962.361754 3805.194627
18357.002500 1807.719227
8683.523741 3543.943809
18641.686326 8869.963012
565.331589 -5600.634950
2431.202664 2513.550848
34050.485820 6048.345088
13170.804740 2373.492708
5076.933968 3563.764352
5107.300261 3373.530623
5963.530854 2710.417624
6797.527853 2942.695139
-1011.832815 -17423.319830
3375.185962 653.260964
1749.533585 -1071.154379
3129.173963 2065.958790
12260.375888 4067.633039
3318.313027 1212.557330
7503.605766 1944.676723
3864.677778 3603.734361
4941.201303 2068.043972
1988.019242 2449.143812
4672.080652 2854.546611
1852.974238 1690.987643
778.131467 1122.513238
8872.744673 2358.099641
-159.027254 213.156081
6548.596538 4040.589593
2315.421512 1788.495080
-1240.286872 -6085.501805
3311.751169 2354.478146
916.306939 -3419.949237
3323.925112 844.747636
2086.037178 -2499.203329
-100.222764 394.446184
-109.738867 1091.882726
21021.295539 3090.154458
-843.809802 1178.847338
-167.602858 1124.094051
6742.433533 -865.337111
-647.508448 959.366072
709.887325 414.308451
3301.418497 360.303948
1007.190734 -431.584519
3129.326565 108.745687
2274.966748 -175.964885
-1467.441442 467.236248
2934.066431 -1027.464953
6730.454592 -22350.298363
4021.613274 -6654.967265
4917.138145 -9812.255477
13113.483181 -7885.762239
8653.257056 -9169.014805
3333.668071 -1202.972245
10619.885417 -4750.331161
10904.992651 -13743.271187
10351.394279 -10804.290722
5926.936753 -8955.218186
34914.327289 -28487.555957
13143.425866 -9113.552688
13529.447744 -8315.955878
3732.729426 -18010.943363
31343.973643 -19615.129996
1922.270471 -13073.694067
18332.473368 -31988.719788
1175.696622 -10866.245069
34247.690022 -24724.392741
19945.853489 -24171.128412
27981.886447 -28153.006051
8520.182461 -6348.850005
23411.498973 -24563.504190
9380.185946 -6529.398271
24059.603744 2119.672620
14504.852812 -25563.241310
14631.624830 -24663.273244
466.628619 -438.337151
2720.833731 -1727.386999
3697.207316 -5099.037314
-123.315917 82.886154
-21.195428 -188.443821
5075.566361 -2630.093028
1062.961222 -1297.470293
-608.053824 -2346.228899
1226.435029 -2975.287676
1518.842399 -226.706714
256.329064 427.919166
1707.051861 642.520234
1413.116757 1228.071397
21292.624596 -1186.440286
3651.602444 1886.655057
-489.769716 369.193580
13075.306430 10146.208334
452.536627 55.741473
9264.129523 -144.634171
726.139824 427.428915
-883.983716 -3486.055897
3639.808174 -1575.532042
2111.978068 1793.365007
-3.524975 -106.384759
593.022769 -834.769625
3628.846304 -1701.989922
1249.659914 58.270504
3770.654746 -87.449122
4056.215869 1621.016657
495.023683 -135.233582
4380.121560 -2887.668592
210.652671 -714.174247
2015.945752 -543.696604
2994.423028 -3642.101939
-1100.690032 565.445742
3794.742680 -4283.853699
7463.248328 3413.361076
5528.448349 -2414.503004
6851.418680 11352.552505
230.383418 266.588594
3169.932020 794.617716
5716.865819 -2291.932016
16387.979128 -3319.285127
-1363.917812 268.617322
29978.895812 -6659.485107
11018.014498 -4591.833825
7020.328106 -3627.822176
11162.297837 -10738.861268
1237.839734 532.214717
-375.787961 -78.900512
6122.881078 -4087.307870
7529.149365 -1221.242302
5626.124969 289.694557
2515.587968 -1266.191787
1194.602897 -285.557241
12623.046577 -10482.582658
5246.383891 -1443.714147
6108.534663 -3555.619655
11250.343900 -3747.937627
17049.983479 -3926.994033
18376.876423 -2386.371024
1802.388433 1026.275321
6462.211039 403.261644
4622.041271 -1011.588968
3267.119632 2841.168462
4636.874251 -1513.168177
15436.005604 -670.461322
14519.998324 -262.767692
-1301.945037 -8740.970552
5738.894085 -318.073410
8259.808927 -2786.890141
5868.293870 -1203.762529
-2710.660654 -1426.122332
3490.121069 -1963.020109
585.403399 347.086548
11279.405122 -948.466541
4946.882386 892.867418
4207.667804 -706.443188
6003.582960 569.527947
4387.543103 -1096.385144
1177.370973 15.428432
-489.904172 176.077055
2698.693373 436.221389
4320.343459 516.327618
1708.279689 331.028348
2341.405367 -8.084887
4618.898390 1461.137200
2547.874536 801.930124
4744.233470 382.892088
2904.097139 228.074540
4058.419576 -402.119624
185.780395 110.506605
2493.126165 -918.369896
4710.204252 613.504332
-533.393005 -592.743691
2340.084110 -1167.645683
859.959773 -2053.228895
495.223734 124.081383
6043.592291 2863.655695
145.772485 -1122.547961
25314.546058 -9350.995024
3740.579444 -5378.320727
700.265573 -577.846178
2413.163109 -1010.416576
1070.812670 50.108674
4891.334302 -140.231300
-1407.262160 509.740332
-273.737197 -429.942909
9068.587301 -13007.753228
12077.376039 -10867.404650
11974.222070 -13201.442091
12108.970432 -16855.912728
15876.243393 -3916.562598
8498.481053 -11154.092488
8770.678093 -10399.316289
13410.475410 -13271.819632
19910.021692 -17267.480055
29123.821024 -4440.572151
27204.821201 -5118.316783
39804.416507 -84824.216908
19709.358384 -15119.785061
15034.658919 -18229.937812
557.609010 -15388.846424
22028.601769 -19631.688256
8501.728380 -16210.465471
25032.513893 -22354.520099
33042.410067 -23033.477433
19237.780344 -12510.529066
10532.379194 -7776.014244
9050.778190 -11050.202241
3137.714962 -3111.346168
38424.593102 -1130.485249
20437.414566 -10847.313040
16156.935865 -4580.572020
-643.712481 31.613818
3854.855664 497.179840
434.245842 -3627.528220
343.109870 328.263015
943.068564 -604.255287
3234.140622 -161.622744
1122.023966 -369.936658
537.709611 33.582783
8.202021 -1231.128538
889.528187 96.072645
740.210570 -3431.920731
-133.073897 -54.768045
980.291850 -129.389692
863.784756 -946.704214
1008.396820 392.858023
4960.585943 152.405719
-27.844936 268.568884
2768.166573 -2351.809760
2729.875640 -1395.525432
12045.797007 -9421.062016
-419.748314 153.070212
120.436943 -75.545943
1292.180369 -140.889551
3769.152048 -2132.544857
1851.232625 2610.246210
11135.948736 -8384.901936
4251.573785 2492.652229
836.619071 -459.823387
-65.649513 -120.950775
8701.519644 -5727.531668
835.714716 733.225019
3521.272319 -2022.088447
230.615617 -484.274916
16036.350607 -5774.088508
-608.516145 370.203625
4310.861344 700.752247
253.185188 -209.990480
348.743921 32.832359
199.867808 155.905796
1361.308715 -2185.512756
3876.506665 -1376.983033
5323.391482 -602.813343
1665.820258 -1841.306658
-1150.341286 -6524.627538
3585.561762 -2547.233273
12515.985520 -596.465909
810.332172 -104.202346
8098.467055 916.857232
6247.987802 -409.044866
3266.021814 984.805636
16753.818960 -897.762792
37418.075751 -5538.614923
7881.577467 -755.550663
27231.113523 -8440.110910
23424.253038 -5391.687692
34530.613739 -6876.357318
7300.531691 -3973.787725
16665.105595 -4404.747643
8940.489062 -6439.181510
13221.790666 -6394.861978
6046.222672 -1886.809513
3953.857100 489.007441
9898.945929 -1055.246729
4592.139809 -745.996694
13337.059804 -11425.377501
21313.081065 -7892.631209
3901.848946 -6708.888838
16486.372154 -7501.328056
17274.373252 450.406397
13919.078869 -1384.411625
12310.467082 -1273.937147
16911.137239 -2501.396336
5195.658524 -2063.979436
3280.937295 -4707.617670
16839.364758 -1709.576459
13599.140001 -3184.773316
9027.923078 -2313.233171
4261.319878 1544.535509
22222.609449 -4209.861801
11224.763354 -2563.871896
14871.133287 -5382.003648
-796.806494 248.866509
1955.370048 -912.200418
5413.919615 291.837913
15187.488875 -275.637285
6343.997046 -84.359558
10856.171558 -3274.573151
3877.780372 -2748.145962
3608.788035 -447.306721
2200.333151 -909.536176
4279.853184 -450.287281
-418.738121 354.183726
5195.853461 206.126108
6295.923210 -2768.380083
13653.753359 -2792.376187
2431.685714 847.657103
213.161567 578.456809
4153.603098 -3.642146
6412.621983 -1672.936435
2756.703443 -109.195894
4646.436278 800.145130
2433.759946 -27.585153
3913.119581 -2526.515689
6753.654080 -378.267132
130.340320 -516.162128
31239.145140 -14441.120625
84.433858 -334.831667
-601.097825 60.303218
7403.151479 -21.899043
-113.260533 -1006.793412
-1909.673864 166.031905
-5317.794925 -2301.276393
-2664.131378 131.060918
-3185.978043 -165.465231
2939.603311 14585.130301
-11096.418317 -21941.937719
-30879.825074 -31844.570903
-22194.942411 -9178.956364
-23327.891393 -9651.750315
-26929.369482 -12663.810720
-21962.590104 -9468.635715
-46079.128863 -20888.313354
6382.164949 13430.152971
-24033.059539 -10275.816308
-23885.633559 -10320.878231
-21092.642581 -7933.802585
-30657.297490 -13973.793574
-4452.324084 -942.887383
-10651.393949 -3885.391153
-10648.415270 -4158.082054
-729.174764 1698.220683
-5931.341631 -3808.398307
-6429.190218 -2028.343768
-463.160196 5393.902081
1216.107763 12212.596281
-4722.006760 -1144.295853
-8437.598008 -3378.548192
-6775.984191 -2102.670004
-2802.688170 25.714739
-7976.248706 -2788.759317
-689.342063 6216.748875
-4972.267695 -1513.867990
-2.650571 7621.112725
-5101.929319 -2970.351250
-9265.206382 -3372.009754
-26930.882086 -11751.292859
2656.551207 6370.399783
-7701.539384 -2690.849836
-9483.181945 -3436.122990
-32535.325072 -14725.444512
-461.279646 7098.805849
-17165.073451 -11192.157045
1871.922984 16269.338375
-12267.935075 -5532.512733
-12914.204272 -4701.968750
615.319461 10174.637473
-13112.104289 -4846.080736
3122.486018 12786.403050
-21265.230238 -10202.899591
1631.060337 13020.485264
540.751944 9728.099045
255.596129 8706.775157
1045.387986 9899.399784
-13653.656682 -5310.715908
-5213.326442 -1413.447290
-5664.587966 -1564.940536
-11306.004595 -4195.395766
-6182.243903 -1935.802822
-6150.085113 -2073.038864
-6255.066423 -1459.444777
-5739.652498 -1581.836357
-6705.678793 -2185.103287
-4934.881776 -1160.762222
-20317.088174 -8011.151149
-7686.317649 -2754.590389
-6119.266616 -1290.019510
464.045628 9618.738538
